
meters equivalent to 50px 

3913575.848201024 / 2^(zoom)

70.3125 0
35.15625 1
1956.7879241005119 17.578125 2
978.3939620502559 8.7890625 3
489.1969810251279 4.39453125 4
244.59849051256407 244.59849051256398 2.197265625 5
122.29924525628199 1.0986328125 6
0.5493164062499971 7
30.574811314070498 0.274658203125 8
15.287405657035249 0.1373291015625 9
7.6437028285176245 0.06866455078125 10
3.8218514142588123 0.034332275390625 11
1.9109257071294061 0.0171661376953125 12
0.9554628535647031 0.00858306884765625 13
0.47773142678235153 0.004291534423828125 14
0.23886571339117577 0.0021457672119140625 15
0.11943285669558788 0.0010728836059570312 16
0.0005364418029785156 17
0.0002682209014892578 18
0.0001341104507446289 19
0.00006705522537231445 20
0.000033527612686157227 21
0.000016763806343078613 22

978.3939620502559
489.19698102512797

122.29924525628199
61.149622628140996
30.574811314070498
15.287405657035249
7.6437028285176245
3.8218514142588123
1.9109257071294061